273.16	0.01	0.00061	0.00485	1.418	1.884	1.328	17.07	9.216	2501	9.156	1.017	1869
280	6.9	0.0099	0.00767	1.424	1.891	1.328	17.44	9.382	2513	8.978	1.017	1202
300	26.9	0.0354	0.02558	1.442	1.914	1.327	18.67	9.920	2550	8.517	1.017	381.3
320	46.9	0.105	0.07166	1.463	1.942	1.328	20.12	10.52	2586	8.130	1.015	144.6
340	66.9	0.272	0.1744	1.489	1.979	1.329	21.78	11.16	2621	7.801	1.014	63.11
360	86.9	0.622	0.3786	1.525	2.033	1.333	23.70	11.82	2654	7.519	1.014	30.79
380	107	1.29	0.7483	1.575	2.110	1.339	25.88	12.50	2686	7.274	1.019	16.39
400	127	2.46	1.369	1.643	2.218	1.350	28.35	13.19	2716	7.058	1.032	9.332
420	147	4.37	2.352	1.734	2.367	1.365	31.13	13.88	2742	6.866	1.055	5.593
440	167	7.34	3.833	1.845	2.560	1.388	34.23	14.57	2765	6.691	1.090	3.489
460	187	11.7	5.983	1.974	2.801	1.419	37.66	15.26	2783	6.530	1.135	2.247
480	207	17.9	9.014	2.117	3.098	1.463	41.46	15.95	2796	6.380	1.192	1.485
500	227	26.4	13.20	2.271	3.463	1.525	45.67	16.65	2802	6.235	1.263	0.9991
530	257	44.6	22.47	2.527	4.209	1.666	53.13	17.76	2798	6.024	1.407	0.5618
560	287	71.1	37.15	2.822	5.410	1.917	63.34	19.01	2771	5.807	1.623	0.3152
590	317	108	61.24	3.184	7.768	2.440	81.11	20.63	2710	5.565	1.976	0.1705
620	347	159	106.3	3.674	14.94	4.067	126.7	23.37	2584	5.253	2.758	0.07973
630	357	180	132.8	3.911	22.66	5.793	163.4	25.02	2511	5.108	3.468	0.05430
640	367	203	177.1	4.306	52.59	12.21	250.0	27.94	2396	4.903	5.876	0.02684
647.1	373.95	221	322.0						2084	4.306		