273.16	0.01	6.1E-03	999.8	4.217	4.231	1.003	561.4	1791	6.11E-04	0	13.50	0.1327
280	6.9	0.0099	999.9	4.200	4.201	1.000	574.0	1434	28.80	0.1041	10.49	0.1367
300	26.9	0.0354	996.5	4.130	4.181	1.012	610.3	853.8	112.6	0.3931	5.849	0.1465
320	46.9	0.105	989.4	4.042	4.181	1.034	639.7	577.0	196.2	0.6628	3.771	0.1547
340	66.9	0.272	979.5	3.942	4.188	1.063	660.6	422.0	279.9	0.9165	2.676	0.1610
360	86.9	0.622	967.4	3.837	4.202	1.095	673.8	326.1	363.8	1.156	2.034	0.1657
380	107	1.29	953.3	3.733	4.224	1.132	681.0	262.7	448.1	1.384	1.629	0.1691
400	127	2.46	937.5	3.632	4.255	1.172	683.6	218.6	533.0	1.601	1.361	0.1714
420	147	4.37	919.9	3.538	4.299	1.215	682.5	186.7	618.6	1.810	1.176	0.1726
440	167	7.34	900.7	3.449	4.357	1.263	678.1	162.8	704.5	2.011	1.046	0.1728
460	187	11.7	879.6	3.368	4.433	1.316	670.3	144.3	793.4	2.205	0.955	0.1719
480	207	17.9	856.5	3.293	4.533	1.376	659.1	129.6	883.3	2.395	0.892	0.1697
500	227	26.4	831.3	3.226	4.663	1.446	644.1	117.7	975.4	2.581	0.852	0.1661
530	257	44.6	788.5	3.138	4.947	1.576	613.2	103.1	1119	2.856	0.831	0.1572
560	287	71.1	737.8	3.072	5.424	1.765	570.2	90.86	1273	3.132	0.864	0.1425
590	317	108	674.8	3.042	6.378	2.097	515.4	79.60	1443	3.418	0.985	0.1198
620	347	159	586.9	3.114	9.354	3.004	454.1	67.38	1646	3.740	1.388	0.08272
630	357	180	544.2	3.228	12.8269	3.974	432.5	62.24	1731	3.870	1.846	0.06196
640	367	203	481.5	3.581	25.9424	7.244	414.9	55.25	1842	4.038	3.454	0.03322
647.1	373.95	221	322.0						2084	4.407		